189 29
188 30
186 30
185 31
183 31
182 32
181 32
180 33
178 33
177 34
175 34
174 35
172 35
171 36
170 36
169 37
167 37
166 38
164 38
163 39
161 39
160 40
159 40
158 41
156 41
155 42
153 42
152 43
150 43
149 44
148 44
147 45
145 45
144 46
142 46
141 47
139 47
138 48
137 48
136 49
134 49
133 50
131 50
130 51
128 51
127 52
126 52
125 53
123 53
122 54
120 54
119 55
117 55
116 56
115 56
114 57
112 57
111 58
109 58
108 59
106 59
105 60
104 60
103 61
101 61
100 62
102 62
103 63
120 63
121 64
121 65
122 66
122 67
123 68
123 70
124 71
124 73
125 74
125 76
126 77
126 78
127 79
127 81
128 82
128 84
129 85
129 87
130 88
130 89
131 90
131 92
132 93
132 95
133 96
133 98
134 99
134 101
135 102
135 103
136 104
136 105
132 109
131 109
121 119
121 120
117 124
117 125
114 128
114 129
112 131
112 132
111 133
111 134
110 135
110 136
108 138
108 140
106 142
106 144
105 145
105 146
104 147
104 148
103 149
103 151
102 152
102 155
101 156
101 159
100 160
100 163
99 164
99 168
98 169
98 177
97 178
97 182
98 183
97 184
97 187
98 188
97 189
98 190
98 199
99 200
99 204
100 205
100 207
101 208
101 212
102 213
102 215
103 216
103 217
104 218
104 220
105 221
105 222
106 223
106 224
107 225
107 226
108 227
108 229
109 230
109 231
111 233
111 234
113 236
113 237
115 239
115 240
117 242
117 243
121 247
121 248
131 258
132 258
136 262
137 262
140 265
141 265
143 267
144 267
145 268
146 268
147 269
148 269
150 271
152 271
154 273
156 273
157 274
158 274
159 275
160 275
161 276
164 276
171 283
171 284
175 288
176 288
178 290
179 290
180 291
181 291
182 290
186 290
187 289
188 290
189 290
190 291
192 291
193 292
197 292
198 291
199 291
200 290
202 290
203 289
205 289
206 288
207 288
208 287
208 286
211 283
213 283
217 287
218 287
219 288
221 288
222 287
225 287
226 288
227 287
230 287
231 288
237 288
238 287
241 287
242 286
243 286
244 285
245 285
246 284
247 284
248 283
249 283
251 281
252 281
254 279
256 279
260 275
261 275
264 272
265 272
272 265
272 264
274 262
274 261
275 260
275 259
276 258
276 256
277 255
277 252
278 251
278 236
279 235
279 234
281 232
281 231
282 230
282 229
283 228
283 227
284 226
284 225
285 224
285 223
286 222
286 220
287 219
287 217
288 216
288 215
289 214
289 211
290 210
290 207
291 206
291 202
292 201
292 197
293 196
293 173
292 172
292 165
291 164
291 161
290 160
290 158
289 157
289 153
288 152
288 151
287 150
287 148
286 147
286 146
285 145
285 144
284 143
284 141
283 140
283 139
282 138
282 137
281 136
281 135
279 133
279 132
277 130
277 129
275 127
275 126
273 124
273 123
266 116
266 115
265 115
263 113
263 112
262 112
256 106
255 106
252 103
251 103
249 101
248 101
247 100
246 100
245 99
244 99
242 97
241 97
240 96
239 96
238 95
237 95
236 94
235 94
234 93
232 93
231 92
230 92
229 91
227 91
226 90
224 90
223 89
220 89
219 88
216 88
215 87
210 87
209 86
200 86
199 85
198 86
197 85
194 85
193 86
192 85
191 86
190 85
190 84
189 83
189 81
188 80
188 79
187 78
187 76
186 75
186 73
185 72
185 70
184 69
184 68
183 67
183 65
182 64
182 62
181 61
181 59
180 58
180 57
179 56
179 54
178 53
178 51
177 50
177 48
176 47
176 46
175 45
175 44
178 41
179 41
191 29
