137 0
138 1
139 1
140 2
141 2
142 3
143 3
144 4
145 4
146 5
148 5
149 6
151 6
152 7
153 7
154 8
156 8
157 9
158 9
159 10
159 65
158 66
157 66
156 67
154 67
153 68
151 68
150 69
149 69
148 70
147 70
146 71
144 71
143 72
142 72
141 73
140 73
139 74
138 74
137 75
136 75
134 77
133 77
132 78
131 78
130 79
129 79
127 81
126 81
123 84
122 84
118 88
117 88
110 95
109 95
109 96
101 104
101 105
97 109
97 110
95 112
95 113
92 116
92 117
91 118
91 119
89 121
89 122
88 123
88 124
87 125
87 126
86 127
86 128
85 129
85 130
84 131
84 132
83 133
83 134
82 135
82 137
81 138
81 140
80 141
80 142
79 143
79 145
78 146
78 149
77 150
77 153
76 154
76 157
75 158
75 162
74 163
74 171
73 172
73 193
74 194
74 202
75 203
75 208
76 209
76 211
77 212
77 215
78 216
78 219
79 220
79 222
80 223
80 224
81 225
81 228
82 229
82 230
83 231
83 232
84 233
84 234
85 235
85 237
87 239
87 240
88 241
88 242
89 243
89 244
91 246
91 247
92 248
92 249
94 251
94 252
96 254
96 255
99 258
99 259
105 265
105 266
113 274
114 274
122 282
122 284
123 285
123 287
124 288
124 290
125 291
125 292
126 293
126 295
127 296
127 297
129 299
129 300
133 304
133 305
135 307
136 307
139 310
140 310
142 312
143 312
144 313
146 313
147 314
148 314
149 315
150 315
151 316
153 316
154 317
156 317
157 318
159 318
160 319
163 319
164 320
168 320
169 321
172 321
173 322
178 322
179 323
184 323
185 324
205 324
206 323
211 323
212 322
217 322
218 321
222 321
223 320
227 320
228 319
230 319
231 318
233 318
234 317
236 317
237 316
239 316
240 315
242 315
243 314
244 314
245 313
247 313
249 311
250 311
252 309
253 309
261 301
261 300
263 298
263 297
264 296
264 295
265 294
265 292
266 291
266 290
267 289
267 287
268 286
268 284
269 283
269 282
270 281
270 280
273 277
274 277
289 262
289 261
294 256
294 255
296 253
296 252
298 250
298 249
300 247
300 246
301 245
301 244
303 242
303 240
305 238
305 237
306 236
306 234
307 233
307 232
308 231
308 230
309 229
309 228
310 227
310 224
311 223
311 222
312 221
312 219
313 218
313 215
314 214
314 211
315 210
315 207
316 206
316 201
317 200
317 189
318 188
318 176
317 175
317 165
316 164
316 160
315 159
315 155
314 154
314 152
313 151
313 148
312 147
312 144
311 143
311 142
310 141
310 139
309 138
309 136
308 135
308 134
307 133
307 132
306 131
306 130
305 129
305 128
304 127
304 126
303 125
303 124
302 123
302 122
300 120
300 119
299 118
299 117
298 116
298 115
295 112
295 111
292 108
292 107
289 104
289 103
275 89
274 89
270 85
269 85
266 82
265 82
264 81
263 81
260 78
259 78
258 77
257 77
255 75
254 75
253 74
252 74
251 73
250 73
249 72
248 72
247 71
245 71
244 70
243 70
242 69
241 69
240 68
238 68
237 67
235 67
234 66
232 66
231 65
231 10
232 9
234 9
235 8
237 8
238 7
239 7
240 6
242 6
243 5
244 5
245 4
246 4
247 3
248 3
249 2
251 2
253 0
254 0
