228 14
227 15
216 15
215 16
205 16
204 17
193 17
192 18
182 18
181 19
170 19
169 20
159 20
158 21
148 21
147 22
136 22
135 23
129 23
129 24
131 24
132 25
133 25
134 26
136 26
137 27
139 27
140 28
142 28
143 29
146 29
147 30
148 30
150 32
150 41
151 42
151 53
152 54
152 65
153 66
153 76
154 77
154 80
153 81
152 81
151 82
149 82
148 83
147 83
146 84
145 84
144 85
143 85
142 86
141 86
139 88
138 88
137 89
136 89
134 91
133 91
130 94
129 94
126 97
125 97
110 112
110 113
107 116
107 117
105 119
105 120
102 123
102 124
101 125
101 126
100 127
100 128
98 130
98 131
97 132
97 134
95 136
95 137
94 138
94 140
93 141
93 142
92 143
92 145
91 146
91 148
90 149
90 151
89 152
89 156
88 157
88 159
87 160
87 166
86 167
86 174
85 175
85 190
86 191
86 199
87 200
87 204
88 205
88 209
89 210
89 213
90 214
90 216
91 217
91 219
92 220
92 221
93 222
93 224
94 225
94 226
95 227
95 229
96 230
96 231
97 232
97 233
98 234
98 235
100 237
100 238
101 239
101 240
103 242
103 243
105 245
105 246
107 248
107 249
111 253
111 254
126 269
127 269
129 271
130 271
133 274
134 274
137 277
137 278
138 279
138 280
139 281
139 283
141 285
141 286
142 287
142 288
143 289
143 290
145 292
145 293
150 298
151 298
154 301
156 301
158 303
159 303
160 304
163 304
164 305
166 305
167 306
171 306
172 307
175 307
176 308
182 308
183 309
195 309
196 310
206 310
207 309
213 309
214 308
217 308
218 307
222 307
223 306
226 306
227 305
229 305
230 304
233 304
234 303
235 303
236 302
238 302
239 301
240 301
241 300
243 300
244 299
245 299
246 298
247 298
248 297
249 297
250 296
251 296
252 295
253 295
256 292
257 292
258 291
258 290
263 285
263 284
264 283
264 282
265 281
265 280
266 279
266 278
267 277
267 274
268 273
268 270
269 269
269 267
270 266
270 264
280 254
280 253
285 248
285 247
287 245
287 244
288 243
288 242
290 240
290 239
291 238
291 237
293 235
293 234
294 233
294 232
295 231
295 229
297 227
297 225
298 224
298 222
299 221
299 220
300 219
300 217
301 216
301 214
302 213
302 209
303 208
303 206
304 205
304 198
305 197
305 189
306 188
306 180
305 179
305 178
306 177
306 175
305 174
305 168
304 167
304 161
303 160
303 156
302 155
302 153
301 152
301 149
300 148
300 146
299 145
299 144
298 143
298 141
297 140
297 139
296 138
296 137
295 136
295 134
294 133
294 132
293 131
293 130
291 130
288 127
288 126
287 125
288 124
288 122
286 120
286 119
284 117
284 116
280 112
280 111
267 98
266 98
262 94
261 94
259 92
258 92
256 90
255 90
253 88
252 88
251 87
250 87
249 86
248 86
246 84
245 84
244 83
243 83
242 82
241 82
240 81
238 81
237 80
236 80
235 79
233 79
232 78
230 78
229 77
227 77
226 76
222 76
221 75
220 75
218 73
218 64
217 63
217 52
216 51
216 41
215 40
215 30
214 29
214 25
215 24
217 24
218 23
219 23
220 22
221 22
222 21
223 21
224 20
225 20
226 19
227 19
229 17
230 17
232 15
233 15
234 14
