220 0
219 1
209 1
208 2
197 2
196 3
186 3
185 4
174 4
173 5
163 5
162 6
152 6
151 7
140 7
139 8
129 8
128 9
120 9
120 10
121 10
122 11
123 11
124 12
126 12
127 13
129 13
130 14
131 14
132 15
135 15
136 16
138 16
139 17
142 17
145 20
145 30
146 31
146 41
147 42
147 52
148 53
148 65
149 66
149 72
148 73
147 73
146 74
144 74
143 75
142 75
141 76
140 76
138 78
137 78
136 79
135 79
134 80
133 80
132 81
131 81
129 83
128 83
125 86
124 86
122 88
121 88
117 92
116 92
103 105
103 106
99 110
99 111
97 113
97 114
94 117
94 118
93 119
93 120
91 122
91 123
90 124
90 125
89 126
89 127
88 128
88 129
87 130
87 131
86 132
86 133
85 134
85 135
84 136
84 138
83 139
83 140
82 141
82 142
81 143
81 145
80 146
80 149
79 150
79 152
78 153
78 155
77 156
77 162
76 163
76 168
75 169
75 177
74 178
74 179
75 180
75 184
74 185
74 189
75 190
75 200
76 201
76 204
77 205
77 211
78 212
78 214
79 215
79 218
80 219
80 221
81 222
81 224
82 225
82 226
83 227
83 229
84 230
84 231
85 232
85 234
86 235
86 236
87 237
87 238
88 239
88 240
90 242
90 243
91 244
91 245
92 246
92 247
94 249
94 250
96 252
96 253
98 255
98 256
102 260
102 261
118 277
119 277
122 280
123 280
126 283
127 283
131 287
131 288
132 289
132 290
133 291
133 292
134 293
134 294
135 295
135 297
136 298
136 299
139 302
139 303
141 305
142 305
143 306
150 306
151 307
152 307
155 310
156 310
157 311
158 311
159 312
172 312
173 311
175 311
176 310
177 310
179 308
180 308
181 307
183 307
185 309
185 310
190 315
195 315
196 316
197 316
198 317
202 317
203 318
204 318
205 319
206 319
207 320
221 320
222 319
224 319
225 318
228 318
229 317
232 317
233 316
235 316
236 315
237 315
238 314
240 314
241 313
243 313
244 312
245 312
246 311
248 311
250 309
251 309
252 308
253 308
254 307
256 307
259 304
260 304
266 298
266 297
268 295
268 294
270 292
270 291
271 290
271 289
272 288
272 285
273 284
273 282
274 281
274 278
275 277
275 274
278 271
278 270
279 269
280 269
280 268
288 260
288 259
291 256
291 255
293 253
293 252
296 249
296 248
297 247
297 246
299 244
299 243
300 242
300 241
302 239
302 237
303 236
303 235
304 234
304 233
305 232
305 230
306 229
306 228
307 227
307 225
308 224
308 222
309 221
309 220
310 219
310 215
311 214
311 212
312 211
312 208
313 207
313 200
314 199
314 190
315 189
315 183
314 182
314 179
315 178
315 176
314 175
314 168
313 167
313 161
312 160
312 157
311 156
311 152
310 151
310 150
309 149
309 147
308 146
308 144
307 143
307 140
306 139
306 138
305 137
305 136
304 135
304 134
303 133
303 131
302 130
302 129
301 128
301 127
299 125
299 124
298 123
298 122
296 120
296 119
295 118
295 117
293 115
293 114
290 111
290 110
285 105
285 104
274 93
273 93
268 88
267 88
264 85
263 85
261 83
260 83
259 82
258 82
256 80
255 80
254 79
253 79
252 78
251 78
249 76
247 76
245 74
243 74
242 73
241 73
240 72
238 72
237 71
236 71
235 70
233 70
232 69
230 69
229 68
226 68
225 67
222 67
219 64
219 54
218 53
218 42
217 41
217 31
216 30
216 19
215 18
215 12
216 11
218 11
219 10
220 10
221 9
222 9
223 8
224 8
225 7
226 7
228 5
229 5
230 4
231 4
232 3
233 3
235 1
236 1
237 0
