133 0
135 0
137 2
138 2
139 3
140 3
141 4
142 4
143 5
144 5
145 6
147 6
148 7
150 7
151 8
152 8
153 9
155 9
156 10
157 10
158 11
158 66
157 67
156 67
155 68
153 68
152 69
150 69
149 70
148 70
147 71
146 71
145 72
143 72
142 73
141 73
140 74
139 74
138 75
137 75
136 76
135 76
133 78
132 78
131 79
130 79
129 80
128 80
126 82
125 82
122 85
121 85
117 89
116 89
109 96
108 96
108 97
100 105
100 106
97 109
97 110
94 113
94 114
91 117
91 118
90 119
90 120
88 122
88 123
87 124
87 125
86 126
86 127
85 128
85 129
84 130
84 131
83 132
83 134
81 136
81 138
80 139
80 141
79 142
79 144
78 145
78 146
77 147
77 150
76 151
76 154
75 155
75 158
74 159
74 163
73 164
73 172
72 173
72 194
73 195
73 203
74 204
74 209
75 210
75 212
76 213
76 216
77 217
77 220
78 221
78 223
79 224
79 225
80 226
80 229
81 230
81 231
82 232
82 233
83 234
83 235
84 236
84 238
86 240
86 241
87 242
87 243
88 244
88 245
90 247
90 248
91 249
91 250
93 252
93 253
95 255
95 256
98 259
98 260
104 266
104 267
112 275
113 275
121 283
121 285
122 286
122 288
123 289
123 291
124 292
124 293
125 294
125 296
126 297
126 298
128 300
128 301
130 303
133 303
134 304
139 304
140 305
140 306
141 306
145 310
147 310
148 311
159 311
160 312
161 311
163 311
164 310
165 310
167 308
169 308
170 307
171 307
174 310
174 311
175 312
175 313
178 316
179 316
180 317
183 317
184 318
185 318
186 319
187 319
188 320
190 320
191 321
192 321
193 322
194 322
195 323
196 323
197 324
210 324
211 323
216 323
217 322
221 322
222 321
226 321
227 320
229 320
230 319
232 319
233 318
235 318
236 317
239 317
240 316
241 316
242 315
243 315
244 314
246 314
248 312
249 312
251 310
252 310
260 302
260 301
262 299
262 298
263 297
263 296
264 295
264 293
265 292
265 291
266 290
266 288
267 287
267 285
268 284
268 283
269 282
269 281
272 278
273 278
288 263
288 262
293 257
293 256
295 254
295 253
297 251
297 250
299 248
299 247
300 246
300 245
302 243
302 241
304 239
304 238
305 237
305 235
306 234
306 233
307 232
307 231
308 230
308 229
309 228
309 225
310 224
310 223
311 222
311 220
312 219
312 216
313 215
313 212
314 211
314 208
315 207
315 202
316 201
316 190
317 189
317 177
316 176
316 166
315 165
315 161
314 160
314 156
313 155
313 153
312 152
312 149
311 148
311 145
310 144
310 143
309 142
309 140
308 139
308 137
307 136
307 135
306 134
306 133
305 132
305 131
304 130
304 129
303 128
303 127
302 126
302 125
301 124
301 123
299 121
299 120
298 119
298 118
297 117
297 116
294 113
294 112
291 109
291 108
287 104
287 103
274 90
273 90
269 86
268 86
265 83
264 83
263 82
262 82
259 79
258 79
257 78
256 78
255 77
254 77
252 75
251 75
250 74
249 74
248 73
247 73
246 72
244 72
243 71
242 71
241 70
240 70
239 69
237 69
236 68
234 68
233 67
231 67
230 66
230 11
231 10
233 10
234 9
236 9
237 8
238 8
239 7
241 7
242 6
243 6
244 5
245 5
246 4
248 4
249 3
250 3
252 1
253 1
254 0
255 0
